1850
1550
6870
3150
3660
3780
1550
4920
3450
3580
5260
5990
4440
5010
3680
6150
3440
1550
5600
6110
3380
3700
2470
7090
4400
1390
460
3020
2410
4440
10370
6880
4120
6070
6210
4820
1690
3620
1570
5330
4610
4320
5150
5170
5200
3840
6880
5880
5810
1870
1580
7290
2650
5980
1680
3990
8960
2250
3880
6280
7470
4930
4240
6710
4770
3030
10150
7580
6930
4180
3560
4380
4180
3550
4460
5240
6760
7280
1240
2610
4330
4020
5110
7120
4240
5040
5500
2760
5720
5850
2930
5880
5120
5050
5310
7350
5050
3720
3960
8990
